Run semi-empirical minimization
 &qmmm
    qm_theory='AM1', grms_tol=0.0005,
 scfconv=1.d-10, ndiis_attempts=700,   qmcharge=0,
 /
   8    O1       -0.4870        7.7620        5.4840 
   8    O2       -3.4940       10.3520        6.9170 
   8    O3        1.3900        5.0370        5.4630 
   8    O4       -0.8970        3.0680        0.8130 
   8    O5       -0.7230        1.5660        5.2990 
   8    O6        0.3120       -0.3310        4.7740 
   7    N7       -2.1150        8.7010        7.6030 
   7    N8        1.2510        4.8000        3.2230 
   7    N9       -1.3050        5.6620        5.8080 
   7   N10       -0.0760        2.4130        2.8220 
   7   N11       -4.5070        6.9840        6.4230 
   7   N12       -3.8090       -1.1390        5.2050 
   7   N13       -3.2880       -0.2870        7.3130 
   7   N14       -4.0900       -2.4580        7.0550 
   6   C15       -1.5810        7.3250        7.5880 
   6   C16       -0.3380        7.3500        8.4980 
   6   C17        0.5440        4.6230        1.9380 
   6   C18       -0.1060        8.8010        8.9170 
   6   C19       -1.2270        9.6310        8.2950 
   6   C20        1.6450        4.6020        0.8560 
   6   C21        2.9370        5.0130        1.5370 
   6   C22        2.6920        4.9200        3.0360 
   6   C23       -1.0980        6.9390        6.1770 
   6   C24       -3.3270        9.1530        7.1810 
   6   C25       -4.5900        8.2430        7.1870 
   6   C26        0.6970        4.9500        4.4510 
   6   C27       -0.2260        3.2870        1.8180 
   6   C28       -0.8420        5.0510        4.5690 
   6   C29       -5.1520        8.0800        8.6390 
   6   C30       -0.4830        1.0260        2.9860 
   6   C31       -4.4440        7.0340        9.5240 
   6   C32       -6.6800        7.8760        8.7020 
   6   C33       -1.9110        0.7440        2.4450 
   6   C34       -2.7040       -0.3980        3.1190 
   6   C35       -0.2970        0.7210        4.4780 
   6   C36       -3.5420        0.0180        4.3520 
   6   C37       -3.7360       -1.2760        6.5290 
   1   H38       -2.3070        6.5950        7.9450 
   1   H39       -0.5110        6.7160        9.3710 
   1   H40        0.5650        6.9630        8.0140 
   1   H41       -0.1240        5.4670        1.7580 
   1   H42        0.8830        9.1790        8.6310 
   1   H43       -0.1630        8.8710       10.0140 
   1   H44       -0.8050       10.3450        7.5830 
   1   H45       -1.7680       10.2040        9.0590 
   1   H46        1.7990        3.6080        0.4320 
   1   H47        1.3930        5.2620        0.0290 
   1   H48        3.1160        6.0530        1.2760 
   1   H49        3.8020        4.4290        1.2200 
   1   H50        3.1030        5.7850        3.5570 
   1   H51        3.1650        4.0280        3.4400 
   1   H52       -5.3370        8.8350        6.6460 
   1   H53       -1.2460        5.6340        3.7370 
   1   H54       -1.2840        4.0600        4.5120 
   1   H55       -4.9990        9.0470        9.1280 
   1   H56       -1.7790        5.0390        6.4450 
   1   H57        0.4580        2.7440        3.6140 
   1   H58        0.2300        0.4160        2.4500 
   1   H59       -4.4670        6.0430        9.0820 
   1   H60       -3.4110        7.3090        9.7280 
   1   H61       -4.9270        6.9520       10.4970 
   1   H62       -6.9770        6.8660        8.4210 
   1   H63       -7.0460        8.0320        9.7300 
   1   H64       -7.1980        8.5820        8.0610 
   1   H65       -4.4130        7.1220        5.4180 
   1   H66       -3.7490        6.3790        6.7160 
   1   H67       -1.8110        0.4800        1.3990 
   1   H68       -2.4860        1.6570        2.4230 
   1   H69       -2.0360       -1.2290        3.3530 
   1   H70       -3.3950       -0.8030        2.3780 
   1   H71       -4.4890        0.4430        4.0220 
   1   H72       -3.0520        0.7880        4.9380 
   1   H73       -3.2600       -0.3800        8.3190 
   1   H74       -2.9300        0.5590        6.8890 
   1   H75       -4.3990       -3.2060        6.4540 
   1   H76       -3.9690       -2.6560        8.0370 
   1   H77       -4.0390       -1.9790        4.6250 

